# Created by Octave 4.0.0, Tue Dec 05 20:46:01 2017 WET <joao@lenovopc>
# name: A
# type: matrix
# rows: 4
# columns: 8
 -0.7532502402442046 0.1864595654859934 -0.228627937919068 0.5878572718047274 -5.973032679859879 0 0 0
 0.3625573286807778 0.6685425311240067 0.4787034211548742 0.4386867926810472 0 -3.354581412345085 0 0
 0.5486379860553438 -0.2018573121425077 -0.6167183119513704 0.5271702851030112 0 0 3.875790419427064 0
 -0.0127522252584579 -0.6910407658392399 0.5815761551863577 0.429032885007581 0 0 0 12.45182367277789


