# Created by Octave 4.0.0, Tue Nov 28 16:16:39 2017 WET <joao@lenovopc>
# name: A
# type: matrix
# rows: 3
# columns: 3
 1 4 7
 3 4 1
 5 9 2


# name: B
# type: matrix
# rows: 3
# columns: 3
 -0.02272727272727271 1.25 -0.5454545454545454
 -0.02272727272727276 -0.7499999999999999 0.4545454545454546
 0.1590909090909091 0.25 -0.1818181818181819


